4294967278,298
4294967279,287
4294967294,1144
24,5
24,4
24,3
24,2
24,1
24,0
4294967278,297
4294967294,1143
4294967294,184
4294967294,829
4294967294,475
4294967294,81
23,8
23,7
23,6
23,5
23,4
23,3
23,2
23,1
23,0
4294967278,296
22,10
22,9
22,8
22,7
22,6
22,5
22,4
22,3
22,2
22,1
22,0
4294967278,295
21,5
21,4
21,3
21,2
21,1
21,0
4294967279,286
20,5
20,4
20,3
20,2
20,1
20,0
4294967278,294
19,4
19,3
19,2
19,1
19,0
4294967278,293
4294967294,1142
18,5
18,4
18,3
18,2
18,1
18,0
4294967279,285
4294967294,438
17,5
17,4
17,3
17,2
17,1
17,0
4294967278,292
4294967294,1141
4294967294,1140
16,5
16,4
16,3
16,2
16,1
16,0
4294967279,284
15,5
15,4
15,3
15,2
15,1
15,0
4294967278,291
4294967294,474
14,5
14,4
14,3
14,2
14,1
14,0
4294967279,283
4294967294,1139
4294967294,473
13,5
13,4
13,3
13,2
13,1
13,0
4294967278,290
4294967294,472
12,5
12,4
12,3
12,2
12,1
12,0
4294967279,282
4294967294,471
11,5
11,4
11,3
11,2
11,1
11,0
4294967278,289
4294967294,470
4294967294,1138
4294967294,827
10,4
10,3
10,2
10,1
10,0
4294967278,288
4294967294,469
9,4
9,3
9,2
9,1
9,0
4294967278,287
4294967294,1137
4294967294,468
4294967294,909
8,6
8,5
8,4
8,3
8,2
8,1
8,0
4294967278,286
7,5
7,4
7,3
7,2
7,1
7,0
4294967279,281
6,5
6,4
6,3
6,2
6,1
6,0
4294967278,285
4294967294,467
5,5
5,4
4294967279,280
5,3
5,2
5,1
5,0
4294967279,279
4,5
4,4
4,3
4,2
4,1
4,0
4294967278,284
3,6
3,5
3,4
3,3
3,2
3,1
3,0
4294967279,278
4294967278,283
2,6
2,5
2,4
4294967278,282
2,3
2,2
2,1
2,0
4294967278,276
4294967279,268
4294967278,275
4294967279,277
4294967293,131
4294967293,130
4294967293,129
4294967293,128
4294967293,127
4294967293,126
4294967293,125
4294967293,124
4294967293,123
4294967293,122
4294967293,121
4294967293,120
4294967293,119
4294967293,118
4294967293,117
4294967293,116
4294967293,115
4294967293,114
4294967293,113
4294967293,112
4294967293,111
4294967293,110
4294967293,109
4294967293,108
4294967293,107
4294967293,106
4294967293,105
4294967293,104
4294967293,103
4294967293,102
4294967293,101
4294967293,100
4294967293,99
4294967293,98
4294967293,97
4294967293,96
4294967293,95
4294967293,94
4294967293,93
4294967293,92
4294967293,91
4294967293,90
4294967293,89
4294967293,88
4294967293,87
4294967293,86
4294967293,85
4294967293,84
4294967293,83
4294967293,82
4294967293,81
4294967293,80
4294967293,79
4294967293,78
4294967293,77
4294967293,76
4294967293,75
4294967293,74
4294967293,73
4294967293,72
4294967293,71
4294967293,70
4294967293,69
4294967293,68
4294967293,67
4294967293,66
4294967293,65
4294967293,64
4294967293,63
4294967293,62
4294967293,61
4294967293,60
4294967293,59
4294967293,58
4294967293,57
4294967293,56
4294967293,55
4294967293,54
4294967293,53
4294967293,52
4294967293,51
4294967293,50
4294967293,49
4294967293,48
4294967293,47
4294967293,46
4294967293,45
4294967293,44
